<?xml version="1.0" encoding="UTF-8" standalone="no" ?>
<LEGOPrimitive versionMajor="2" versionMinor="0">
  <Annotations>
    <Annotation aliases="59230;85030;86021"/>
    <Annotation designname="SPACE  ARM, ANGLED H."/>
    <Annotation maingroupid="45"/>
    <Annotation maturitytag="Final"/>
    <Annotation modifiedDate="2020-12-01 17:28:00.000"/>
    <Annotation platformid="2"/>
    <Annotation revision="C"/>
    <Annotation submaingroupid="558"/>
    <Annotation superdesignid="11059230"/>
  </Annotations>
  <Collision>
    <Box sX="0.06999998331" sY="0.1199999952" sZ="0.6300096416" transformation="-1,1.224646799E-16,0,0,2.220446049E-16,-1,-1.224646799E-16,-1,-2.220446049E-16,0,-0.7999967337,0" angle="180" ax="0" ay="0.7071067812" az="-0.7071067812" tx="0" ty="-0.7999967337" tz="0"/>
    <Box sX="0.1100000346" sY="0.02472077847" sZ="0.1900734657" transformation="-1,0,-1.224646799E-16,1.171198141E-16,0.2922045028,-0.9563558587,0,-0.9563558587,-0.2922045028,-2.980232244E-08,-0.2465130657,0.1552569385" angle="180" ax="0" ay="0.803804859" az="-0.5948930564" tx="-2.980232244E-08" ty="-0.2465130657" tz="0.1552569385"/>
    <Box sX="0.1499999964" sY="0.03164403677" sZ="0.08910407662" transformation="0,0,1,0.6783539319,-0.7347352878,-1.110223025E-16,0.7347352878,0.6783539319,-2.220446049E-16,-0.1280299438,-1.447430019,-2.099573612E-05" angle="150.1541688" ax="-0.6815326933" ay="-0.2665077407" az="-0.6815326933" tx="-0.1280299438" ty="-1.447430019" tz="-2.099573612E-05"/>
    <Box sX="0.1499999964" sY="0.03164406657" sZ="0.07429917693" transformation="-1,0,-1.224646799E-16,0,0.7347356171,-0.6783535752,0,-0.6783535752,-0.7347356171,2.101063728E-05,-0.1412387269,0.1389076696" angle="180" ax="0" ay="0.9313258337" az="-0.3641870281" tx="2.101063728E-05" ty="-0.1412387269" tz="0.1389076696"/>
    <Box sX="0.1499999964" sY="0.03164433479" sZ="0.07571636677" transformation="-1,0,-1.224646799E-16,1.223979468E-16,0.03300814822,-0.9994550826,0,-0.9994550826,-0.03300814822,2.101063728E-05,-0.008442499036,0.2019845091" angle="180" ax="0" ay="0.7186821788" az="-0.6953387131" tx="2.101063728E-05" ty="-0.008442499036" tz="0.2019845091"/>
    <Box sX="0.1328841501" sY="0.02412142396" sZ="0.0604254508" transformation="-1,1.224646799E-16,0,0,-0.2336751199,-0.9723147321,-1.190742124E-16,-0.9723147321,0.2336751199,2.099573612E-05,0.08419751382,0.1924796438" angle="180" ax="0" ay="-0.6190011632" az="0.7853900687" tx="2.099573612E-05" ty="0.08419751382" tz="0.1924796438"/>
    <Box sX="0.1100000346" sY="0.02472077847" sZ="0.1900734806" transformation="-1,-1.224646799E-16,0,0,0.2922045028,0.9563558587,-1.171198141E-16,0.9563558587,-0.2922045028,-2.980232239E-08,-0.2465130514,-0.1552569428" angle="180" ax="0" ay="0.803804859" az="0.5948930564" tx="-2.980232239E-08" ty="-0.2465130514" tz="-0.1552569428"/>
    <Box sX="0.1499999964" sY="0.03164421558" sZ="0.07571639657" transformation="2.220446049E-16,1.110223025E-16,1,0.9994550822,-0.03300816003,-3.330669074E-16,0.03300816003,0.9994550822,-2.220446049E-16,-0.2019844841,-1.590269271,-2.099573612E-05" angle="121.0980429" ax="-0.5835997359" ay="-0.5646438669" az="-0.5835997359" tx="-0.2019844841" ty="-1.590269271" tz="-2.099573612E-05"/>
    <Box sX="0.1499999964" sY="0.03164403677" sZ="0.07429914713" transformation="-1,-1.224646799E-16,0,0,0.7347354387,0.6783537684,0,0.6783537684,-0.7347354387,2.101063728E-05,-0.1412387325,-0.138907663" angle="180" ax="0" ay="0.9313257858" az="0.3641871506" tx="2.101063728E-05" ty="-0.1412387325" tz="-0.138907663"/>
    <Box sX="0.1499999964" sY="0.03164433479" sZ="0.07571636677" transformation="-1,-1.224646799E-16,0,0,0.03300816003,0.9994550822,-1.223979467E-16,0.9994550822,-0.03300816003,2.101063728E-05,-0.008442501421,-0.2019845109" angle="180" ax="0" ay="0.7186821829" az="0.6953387088" tx="2.101063728E-05" ty="-0.008442501421" tz="-0.2019845109"/>
    <Box sX="0.1328841501" sY="0.02412142396" sZ="0.0604254508" transformation="-1,-1.224646799E-16,0,0,-0.2336751199,0.9723147321,-1.190742124E-16,0.9723147321,0.2336751199,2.099573612E-05,0.08419751382,-0.1924796438" angle="180" ax="0" ay="0.6190011632" az="0.7853900687" tx="2.099573612E-05" ty="0.08419751382" tz="-0.1924796438"/>
    <Box sX="0.132884165" sY="0.02412151337" sZ="0.06042551041" transformation="-3.685590924E-07,3.353082088E-07,1,-0.9723140614,0.2336779108,-4.367093096E-07,-0.2336779108,-0.9723140614,2.399007675E-07,0.1924797965,-1.682909299,-2.099193816E-05" angle="112.529627" ax="0.5263251432" ay="-0.6678047973" az="0.5263255611" tx="0.1924797965" ty="-1.682909299" tz="-2.099193816E-05"/>
    <Box sX="0.1500000262" sY="0.03164421558" sZ="0.07571639657" transformation="2.220446049E-16,-1.110223025E-16,1,-0.9994550822,-0.03300816003,3.330669074E-16,0.03300816003,-0.9994550822,-2.220446049E-16,0.2019844841,-1.590269271,-2.099573612E-05" angle="121.0980429" ax="0.5835997359" ay="-0.5646438669" az="0.5835997359" tx="0.2019844841" ty="-1.590269271" tz="-2.099573612E-05"/>
    <Box sX="0.1500000411" sY="0.03164397717" sZ="0.08910406172" transformation="2.220446049E-16,0,1,-0.6783541251,-0.7347351094,2.775557562E-16,0.7347351094,-0.6783541251,-2.220446049E-16,0.128029971,-1.447429998,-2.101063728E-05" angle="150.1541586" ax="0.6815326746" ay="-0.2665078366" az="0.6815326746" tx="0.128029971" ty="-1.447429998" tz="-2.101063728E-05"/>
    <Box sX="0.1328841799" sY="0.02412157297" sZ="0.06042554021" transformation="3.198194892E-07,5.381107753E-07,1,0.9723140137,0.2336781091,-4.367096797E-07,-0.2336781091,0.9723140137,-4.484778342E-07,-0.1924799354,-1.682909318,-2.099650067E-05" angle="112.5296209" ax="-0.5263255668" ay="-0.6678048749" az="-0.5263250391" tx="-0.1924799354" ty="-1.682909318" tz="-2.099650067E-05"/>
  </Collision>
  <Connectivity>
    <Axel type="6" length="0.3200000226" grabbing="1" startCapped="0" endCapped="0" transformation="1.776356839E-15,-1,0,1,1.776356839E-15,0,0,0,1,-0.1599790156,0,0" angle="90" ax="0" ay="0" az="-1" tx="-0.1599790156" ty="0" tz="0"/>
    <Axel type="6" length="0.3200000226" grabbing="1" startCapped="0" endCapped="0" transformation="4.440892099E-16,1,-1.110223025E-16,-3.330669074E-16,0,-1,-1,3.330669074E-16,4.440892099E-16,3.197456368E-16,-1.600006342,0.1600000113" angle="120" ax="-0.5773502692" ay="-0.5773502692" az="0.5773502692" tx="3.197456368E-16" ty="-1.600006342" tz="0.1600000113"/>
  </Connectivity>
  <PhysicsAttributes inertiaTensor="0.045665513,0,0,0,0.0031860053,0,0,0,0.04540707" centerOfMass="-3.6385774E-07,-0.766340962,2.30858668E-07" mass="0.1" frictionType="0"/>
  <Color faces="0"/>
  <Bounding>
    <AABB minX="-0.2630212605" minY="-1.797999978" minZ="-0.2630002499" maxX="0.2630212605" maxY="0.1980065107" maxZ="0.2630422413"/>
  </Bounding>
  <GeometryBounding>
    <AABB minX="-0.2630212605" minY="-1.797999978" minZ="-0.2630002499" maxX="0.2630212605" maxY="0.1980065107" maxZ="0.2630422413"/>
  </GeometryBounding>
  <GeometryFittingCloud>
    -0.263;-1.63;-0.16, -0.263;-1.63;0, -0.263;-1.63;0.16, -0.237;-1.72;-0.16, -0.237;-1.72;0.16, -0.218;-1.75;-0.153, -0.218;-1.75;0, -0.218;-1.75;0.153, -0.188;-1.79;-0.118, -0.188;-1.79;0, -0.188;-1.79;0.118, -0.176;-1.8;-0.08, -0.176;-1.8;0.08, -0.16;0.0323;-0.263, -0.16;0.0323;0.263, -0.16;0.118;-0.237, -0.16;0.118;0.237, -0.153;0.151;-0.218, -0.153;0.151;0.218, -0.14;-1.79;-0.12, -0.14;-1.79;0.12, -0.12;0.187;-0.14, -0.12;0.187;0.14, -0.118;0.187;-0.188, -0.118;0.187;0.188, -0.08;0.198;-0.176, -0.08;0.198;0.176, 0;0.0323;-0.263, 0;0.0323;0.263, 0;0.151;-0.218, 0;0.151;0.218, 0;0.187;-0.188, 0;0.187;0.188, 0.08;0.198;-0.176, 0.08;0.198;0.176, 0.118;0.187;-0.188, 0.118;0.187;0.188, 0.12;0.187;-0.14, 0.12;0.187;0.14, 0.14;-1.79;-0.12, 0.14;-1.79;0.12, 0.153;0.151;-0.218, 0.153;0.151;0.218, 0.16;0.0323;-0.263, 0.16;0.0323;0.263, 0.16;0.118;-0.237, 0.16;0.118;0.237, 0.176;-1.8;-0.08, 0.176;-1.8;0.08, 0.188;-1.79;-0.118, 0.188;-1.79;0, 0.188;-1.79;0.118, 0.218;-1.75;-0.153, 0.218;-1.75;0, 0.218;-1.75;0.153, 0.237;-1.72;-0.16, 0.237;-1.72;0.16, 0.263;-1.63;-0.16, 0.263;-1.63;0, 0.263;-1.63;0.16
  </GeometryFittingCloud>
</LEGOPrimitive>
