<?xml version="1.0" encoding="UTF-8" standalone="no" ?>
<LEGOPrimitive versionMajor="2" versionMinor="0">
  <Annotations>
    <Annotation designname="SKELETON LEG"/>
    <Annotation maingroupid="45"/>
    <Annotation maturitytag="Final"/>
    <Annotation modifiedDate="2024-06-25 13:41:00.000"/>
    <Annotation platformid="2"/>
    <Annotation revision="D"/>
    <Annotation submaingroupid="558"/>
    <Annotation superdesignid="11206040"/>
  </Annotations>
  <Collision>
    <Box sX="0.1500000266" sY="0.06573381088" sZ="0.1491740415" transformation="1,0,0,0,1,0,0,0,1,-6.814876746E-08,-0.2420312027,-4.507322637E-08" angle="0" ax="0" ay="1" az="0" tx="-6.814876746E-08" ty="-0.2420312027" tz="-4.507322637E-08"/>
    <Box sX="0.09956981194" sY="0.1500036438" sZ="0.03270689998" transformation="-4.440892099E-16,-0.7376303318,0.675204779,-1,-8.149037001E-13,-8.907874438E-13,1.207312028E-12,-0.675204779,-0.7376303318,-5.548339566E-14,-0.1527505859,-0.1396789712" angle="150.3212447" ax="0.6818369327" ay="-0.6818369327" az="0.2649467767" tx="-5.548339566E-14" ty="-0.1527505859" tz="-0.1396789712"/>
    <Box sX="0.07794728353" sY="0.1500036438" sZ="0.03086476933" transformation="3.330669074E-16,-0.9978561111,-0.06544602049,-1,0,0,0,0.06544602049,-0.9978561111,1.194808141E-13,0.0007667520425,-0.2040052556" angle="177.3468453" ax="-0.7069171593" ay="0.7069171593" az="0.02315728077" tx="1.194808141E-13" ty="0.0007667520425" tz="-0.2040052556"/>
    <Box sX="0.04362041107" sY="0.1159084039" sZ="0.01292302552" transformation="0,-0.9928913517,-0.1190242145,-1,0,0,0,0.1190242145,-0.9928913517,1.189014165E-13,0.1259678956,-0.1740694788" angle="175.1678004" ax="-0.7064770605" ay="0.7064770605" az="0.04219390941" tx="1.189014165E-13" ty="0.1259678956" tz="-0.1740694788"/>
    <Box sX="0.07794728353" sY="0.1500036438" sZ="0.03086476933" transformation="-2.220446049E-16,-0.9983892328,0.05673570173,-1,7.771561172E-16,1.120284421E-14,-1.123059978E-14,-0.05673570173,-0.9983892328,1.174338404E-13,-0.001016788437,0.2047495186" angle="177.7003159" ax="0.7069643364" ay="-0.7069643364" az="0.0200712239" tx="1.174338404E-13" ty="-0.001016788437" tz="0.2047495186"/>
    <Box sX="0.04362041107" sY="0.1159084039" sZ="0.01292302552" transformation="0,-0.9938922145,0.1103551808,-1,1.221245327E-15,1.026956298E-14,-1.033895192E-14,-0.1103551808,-0.9938922145,1.176801712E-13,0.1244408234,0.1759074539" angle="175.5210614" ax="0.7065658917" ay="-0.7065658917" az="0.03910602896" tx="1.176801712E-13" ty="0.1244408234" tz="0.1759074539"/>
    <Box sX="0.09956981194" sY="0.1500036438" sZ="0.03270689998" transformation="6.661338148E-16,-0.7317100466,-0.6816160266,-1,-8.881784197E-16,0,-4.996003611E-16,0.6816160266,-0.7317100466,1.172950626E-13,-0.1539669353,0.139086009" angle="149.9804816" ax="-0.6812141217" ay="0.6812141217" az="0.2681317602" tx="1.172950626E-13" ty="-0.1539669353" tz="0.139086009"/>
    <Box sX="0.1233985703" sY="0.08724474813" sZ="0.01857423463" transformation="-0.139173101,0,0.9902680687,-0.937944409,0.3207552144,-0.1318194902,-0.3176336467,-0.9471621257,-0.04464049783,0.2128375942,-0.8604481555,0.08791694297" angle="115.5646457" ax="0.4519141804" ay="-0.7249214084" az="0.5198677959" tx="0.2128375942" ty="-0.8604481555" tz="0.08791694297"/>
    <Box sX="0.1233985703" sY="0.08724474813" sZ="0.01185161888" transformation="1,0,0,0,0.3086913838,0.951162252,0,-0.951162252,0.3086913838,0,-0.8536099186,-0.2063160512" angle="72.01961511" ax="1" ay="0" az="0" tx="0" ty="-0.8536099186" tz="-0.2063160512"/>
    <Box sX="0.1233985703" sY="0.08724474813" sZ="0.01746140545" transformation="0.6427876097,0,0.7660444431,-0.7309909848,0.2990387771,0.6133742658,-0.2290769935,-0.95424096,0.1922184207,0.1539221121,-0.8586832482,-0.1291559875" angle="86.15701835" ax="0.785573999" ay="-0.4986820194" az="0.3663191718" tx="0.1539221121" ty="-0.8586832482" tz="-0.1291559875"/>
    <Box sX="0.1233985703" sY="0.08724474813" sZ="0.01857423463" transformation="0.139173101,0,0.9902680687,0.937944409,0.3207552144,-0.1318194902,-0.3176336467,0.9471621257,0.04464049783,-0.2128375942,-0.8604481555,0.08791694297" angle="104.3423738" ax="-0.5568461459" ay="-0.6749883582" az="-0.4840589696" tx="-0.2128375942" ty="-0.8604481555" tz="0.08791694297"/>
    <Box sX="0.1233985703" sY="0.08724474813" sZ="0.01746140545" transformation="-0.6427876097,1.665334537E-16,0.7660444431,0.7309909848,0.2990387771,0.6133742658,-0.2290769935,0.95424096,-0.1922184207,-0.1539221121,-0.8586832482,-0.1291559875" angle="140.173164" ax="-0.2661069007" ay="-0.7768687459" az="-0.5706680901" tx="-0.1539221121" ty="-0.8586832482" tz="-0.1291559875"/>
    <Box sX="0.1233985703" sY="0.08724474813" sZ="0.01185161888" transformation="1,0,0,0,-0.2893064943,0.9572365185,0,-0.9572365185,-0.2893064943,0.001213261773,-0.8497138804,0.2106538493" angle="106.8164414" ax="1" ay="0" az="0" tx="0.001213261773" ty="-0.8497138804" tz="0.2106538493"/>
    <Box sX="0.1318349647" sY="0.118829081" sZ="0.01339792207" transformation="1,0,0,0,1,0,0,0,1,-6.814876747E-08,-0.9899218768,-0.2834474453" angle="0" ax="0" ay="1" az="0" tx="-6.814876747E-08" ty="-0.9899218768" tz="-0.2834474453"/>
    <Box sX="0.1318349647" sY="0.118829081" sZ="0.01245926675" transformation="0.6693600179,0,0.7429381983,0,1,0,-0.7429381983,0,0.6693600179,0.1999119499,-0.9899218768,-0.1926151846" angle="47.98231013" ax="0" ay="-1" az="0" tx="0.1999119499" ty="-0.9899218768" tz="-0.1926151846"/>
    <Box sX="0.1952559932" sY="0.1133206587" sZ="0.01648148066" transformation="-0.139173101,0,0.9902680687,0,1,0,-0.9902680687,0,-0.139173101,0.2685013359,-0.995430299,0.1281554786" angle="98" ax="0" ay="-1" az="0" tx="0.2685013359" ty="-0.995430299" tz="0.1281554786"/>
    <Box sX="0.03998251599" sY="0.09544529117" sZ="0.06502328991" transformation="1,0,0,0,1,0,0,0,1,0.08426533422,-1.013305007,0.3249122347" angle="0" ax="0" ay="1" az="0" tx="0.08426533422" ty="-1.013305007" tz="0.3249122347"/>
    <Box sX="0.05903836584" sY="0.118829081" sZ="0.04577941745" transformation="0.6693600179,0,-0.7429381983,0,1,0,0.7429381983,0,0.6693600179,0.2173795227,-0.9899218768,0.2225557008" angle="47.98231013" ax="0" ay="1" az="0" tx="0.2173795227" ty="-0.9899218768" tz="0.2225557008"/>
    <Box sX="0.1318349647" sY="0.118829081" sZ="0.01245926675" transformation="-0.6693600179,0,0.7429381983,0,1,0,-0.7429381983,0,-0.6693600179,-0.1999119499,-0.9899218768,-0.1926151846" angle="132.0176899" ax="0" ay="-1" az="0" tx="-0.1999119499" ty="-0.9899218768" tz="-0.1926151846"/>
    <Box sX="0.1952559932" sY="0.1133206587" sZ="0.01648148066" transformation="0.139173101,0,0.9902680687,0,1,0,-0.9902680687,0,0.139173101,-0.2685013359,-0.995430299,0.1281554786" angle="82" ax="0" ay="-1" az="0" tx="-0.2685013359" ty="-0.995430299" tz="0.1281554786"/>
    <Box sX="0.03998251599" sY="0.09544529117" sZ="0.06502328991" transformation="-1,0,-1.224646799E-16,0,1,0,1.224646799E-16,0,-1,-0.08426533422,-1.013305007,0.3249122347" angle="180" ax="0" ay="1" az="0" tx="-0.08426533422" ty="-1.013305007" tz="0.3249122347"/>
    <Box sX="0.05903836584" sY="0.118829081" sZ="0.04577941745" transformation="-0.6693600179,0,-0.7429381983,0,1,0,0.7429381983,0,-0.6693600179,-0.2173795227,-0.9899218768,0.2225557008" angle="132.0176899" ax="0" ay="1" az="0" tx="-0.2173795227" ty="-0.9899218768" tz="0.2225557008"/>
  </Collision>
  <CollisionAdd>
    <Tube outerRadius="0.24" innerRadius="0.11" length="0.09" transformation="-1,0,0,0,0,1,0,1,0,0,-0.58,0" angle="180" ax="0" ay="0.7071067812" az="0.7071067812" tx="0" ty="-0.58" tz="0"/>
    <Cylinder radius="0.15" length="0.145" transformation="-1,0,0,0,0,1,0,1,0,0,-0.325,0" angle="180" ax="0" ay="0.7071067812" az="0.7071067812" tx="0" ty="-0.325" tz="0"/>
    <Tube outerRadius="0.15" innerRadius="0.11" length="0.05" transformation="-1,0,0,0,0,1,0,1,0,0,-0.74,0" angle="180" ax="0" ay="0.7071067812" az="0.7071067812" tx="0" ty="-0.74" tz="0"/>
  </CollisionAdd>
  <Connectivity>
    <Axel type="6" length="0.32" grabbing="1" startCapped="0" endCapped="0" transformation="2.220446049E-16,-1,0,1,2.220446049E-16,0,0,0,1,-0.16,0,0" angle="90" ax="0" ay="0" az="-1" tx="-0.16" ty="0" tz="0"/>
    <Custom2DField type="22" width="2" height="2" transformation="1,0,0,0,1,0,0,0,1,-0.4,-1.12,-0.4" angle="0" ax="0" ay="1" az="0" tx="-0.4" ty="-1.12" tz="-0.4">
      29:0,29:0,29:0,
      29:0,15:4,29:0,
      29:0,29:0,29:0
    </Custom2DField>
    <Slider type="42" length="0.32" startCapped="0" endCapped="0" transformation="2.220446049E-16,1,0,-1,2.220446049E-16,0,0,0,1,0.16,-0.06,0" angle="90" ax="0" ay="0" az="1" tx="0.16" ty="-0.06" tz="0"/>
  </Connectivity>
  <PhysicsAttributes inertiaTensor="0.19068081,0,0,0,0.083945568,0,0,0,0.18380191" centerOfMass="0,-0.4598441696,0.03089743853" mass="1" frictionType="0"/>
  <Color faces="0"/>
  <Bounding>
    <AABB minX="-0.34" minY="-1.12" minZ="-0.3382051289" maxX="0.34" maxY="0.2003116608" maxZ="0.400000006"/>
  </Bounding>
  <GeometryBounding>
    <AABB minX="-0.3389707804" minY="-1.118802428" minZ="-0.3382051289" maxX="0.3389707804" maxY="0.2003116608" maxZ="0.400000006"/>
  </GeometryBounding>
  <GeometryFittingCloud>
    -0.339;-0.864;-0.0315, -0.339;-1.12;-0.0327, -0.289;-0.865;0.325, -0.286;-1.12;0.342, -0.286;-0.875;0.342, -0.28;-1.12;-0.196, -0.278;-0.861;-0.194, -0.161;0.135;-0.138, -0.161;0.135;0.138, -0.16;-0.00939;-0.269, -0.16;-0.00939;0.269, -0.16;0.106;-0.242, -0.16;0.106;0.242, -0.154;0.149;-0.217, -0.154;0.149;0.217, -0.14;0.179;-0.202, -0.14;0.179;0.193, -0.134;-1.12;0.4, -0.134;-0.908;0.4, -0.134;-1.12;-0.316, -0.133;-0.859;-0.312, -0.0936;0.2;-0.177, -0.0936;0.2;0.177, -0.0823;-1.12;0.306, -0.0343;-1.12;0.4, 0;-1.12;-0.338, 0;-0.862;-0.333, 0;0.106;-0.243, 0;0.106;0.243, 0;0.151;-0.217, 0;0.151;0.217, 0.0343;-1.12;0.4, 0.0823;-1.12;0.306, 0.0936;0.2;-0.177, 0.0936;0.2;0.177, 0.133;-0.859;-0.312, 0.134;-1.12;-0.316, 0.134;-1.12;0.4, 0.134;-0.908;0.4, 0.14;0.179;-0.202, 0.14;0.179;0.193, 0.154;0.149;-0.217, 0.154;0.149;0.217, 0.16;-0.00939;-0.269, 0.16;-0.00939;0.269, 0.16;0.106;-0.242, 0.16;0.106;0.242, 0.161;0.135;-0.138, 0.161;0.135;0.138, 0.278;-0.861;-0.194, 0.28;-1.12;-0.196, 0.286;-1.12;0.342, 0.286;-0.875;0.342, 0.289;-0.865;0.325, 0.339;-1.12;-0.0327, 0.339;-0.864;-0.0315
  </GeometryFittingCloud>
</LEGOPrimitive>
