<?xml version="1.0" encoding="UTF-8" standalone="no" ?>
<LEGOPrimitive versionMajor="2" versionMinor="0">
  <Annotations>
    <Annotation aliases="18041"/>
    <Annotation designname="HARPOON SPIKE"/>
    <Annotation maingroupid="47"/>
    <Annotation maturitytag="Final"/>
    <Annotation modifiedDate="2025-04-30 13:37:00.000"/>
    <Annotation platformid="2"/>
    <Annotation revision="G"/>
    <Annotation submaingroupid="605"/>
    <Annotation superdesignid="11202174"/>
  </Annotations>
  <Collision>
    <Box sX="0.04500005186" sY="0.2410330081" sZ="0.04958914757" transformation="1,0,0,0,0.9571878366,-0.2894675207,0,0.2894675207,0.9571878366,8.568167684E-08,2.056991556,0.1143506679" angle="16.82607995" ax="-1" ay="0" az="0" tx="8.568167684E-08" ty="2.056991556" tz="0.1143506679"/>
    <Box sX="0.04500005186" sY="0.2410330081" sZ="0.04958914757" transformation="0,0,-1,-0.2604486874,0.9654876909,0,0.9654876909,0.2604486874,0,0.1324222563,2.061250431,0.0006843149427" angle="90.9887539" ax="-0.1302437368" ay="0.9828901963" az="0.1302437368" tx="0.1324222563" ty="2.061250431" tz="0.0006843149427"/>
    <Box sX="0.04500005186" sY="0.2410330081" sZ="0.04958914757" transformation="-1,-3.231089149E-15,0,-3.084600839E-15,0.9546628695,0.2976891088,-9.618600492E-16,0.2976891088,-0.9546628695,-9.405851198E-08,2.045835825,-0.1336681494" angle="180" ax="-1.597128571E-15" ay="0.9886007459" az="0.1505608356" tx="-9.405851198E-08" ty="2.045835825" tz="-0.1336681494"/>
    <Box sX="0.04500005186" sY="0.2410330081" sZ="0.04958914757" transformation="3.774758284E-15,0,1,0.2547530125,0.9670061544,-9.159339953E-16,-0.9670061544,0.2547530125,3.663735981E-15,-0.1390795291,2.053659467,-0.002116779778" angle="90.94524693" ax="-0.1273938424" ay="-0.9836369339" az="-0.1273938424" tx="-0.1390795291" ty="2.053659467" tz="-0.002116779778"/>
    <Box sX="0.09750000179" sY="0.1119078377" sZ="0.8800000453" transformation="0.7071067812,0,0.7071067812,-0.7071067812,3.330669074E-16,0.7071067812,-2.775557562E-16,-1,2.220446049E-16,0.002661009769,0.8900000453,-0.002661009769" angle="98.42105812" ax="0.8628562095" ay="-0.3574067443" az="0.3574067443" tx="0.002661009769" ty="0.8900000453" tz="-0.002661009769"/>
    <Box sX="0.0549148865" sY="0.06361519363" sZ="0.5274348927" transformation="0.7071067812,0,0.7071067812,-0.7071067812,3.330669074E-16,0.7071067812,-2.775557562E-16,-1,2.220446049E-16,-0.0002801353112,1.809794715,-0.0002801353112" angle="98.42105812" ax="0.8628562095" ay="-0.3574067443" az="0.3574067443" tx="-0.0002801353112" ty="1.809794715" tz="-0.0002801353112"/>
  </Collision>
  <Connectivity>
    <Axel type="7" length="1.780000091" requireGrabbing="0" startCapped="0" endCapped="1" transformation="7.771561172E-16,0,-1,0,1,0,1,0,7.771561172E-16,0,0,0" angle="90" ax="0" ay="1" az="0" tx="0" ty="0" tz="0"/>
    <Custom2DField type="22" width="2" height="2" transformation="1,0,0,0,1,0,0,0,1,-0.4,0,-0.4" angle="0" ax="0" ay="1" az="0" tx="-0.4" ty="0" tz="-0.4">
      29:0,29:0,29:0,
      29:0,9:4,29:0,
      29:0,29:0,29:0
    </Custom2DField>
  </Connectivity>
  <PhysicsAttributes inertiaTensor="0.48776802,0,0,0,0.050384208,0,0,0,0.48776802" centerOfMass="0,1.17801857,0" mass="1" frictionType="0"/>
  <Color faces="0"/>
  <Bounding>
    <AABB minX="-0.2749114633" minY="0" minZ="-0.2749114633" maxX="0.2749114633" maxY="2.35603714" maxZ="0.2749114633"/>
  </Bounding>
  <GeometryBounding>
    <AABB minX="-0.2749114633" minY="0" minZ="-0.2749114633" maxX="0.2749114633" maxY="2.35603714" maxZ="0.2749114633"/>
  </GeometryBounding>
  <GeometryFittingCloud>
    -0.275;1.79;0, -0.273;1.82;0, -0.259;1.79;-0.0548, -0.259;1.79;0.0553, -0.258;1.82;0.0564, -0.256;1.82;-0.0578, -0.16;0;0, -0.157;2.26;0, -0.148;0;-0.0612, -0.148;0;0.0612, -0.145;2.25;0.044, -0.143;2.25;-0.045, -0.113;0;-0.113, -0.113;0;0.113, -0.108;2.32;0, -0.104;2.31;0.042, -0.101;2.31;-0.0436, -0.0612;0;-0.148, -0.0612;0;0.148, -0.0578;1.82;0.256, -0.0567;2.35;0, -0.0564;1.82;-0.258, -0.0553;1.79;-0.259, -0.0548;1.79;0.259, -0.0519;2.34;0.0514, -0.0514;2.34;-0.0519, -0.045;2.25;0.143, -0.044;2.25;-0.145, -0.0436;2.31;0.101, -0.042;2.31;-0.104, 0;1.82;0.273, 0;2.26;0.157, 0;2.32;0.108, 0;0;-0.16, 0;0;0.16, 0;1.79;-0.275, 0;2.35;-0.0567, 0;1.79;0.275, 0;2.35;0.0567, 0;2.36;0, 0;2.26;-0.157, 0;2.32;-0.108, 0;1.82;-0.273, 0.042;2.31;0.104, 0.0436;2.31;-0.101, 0.044;2.25;0.145, 0.045;2.25;-0.143, 0.0514;2.34;0.0519, 0.0519;2.34;-0.0514, 0.0548;1.79;-0.259, 0.0553;1.79;0.259, 0.0564;1.82;0.258, 0.0567;2.35;0, 0.0578;1.82;-0.256, 0.0612;0;-0.148, 0.0612;0;0.148, 0.101;2.31;0.0436, 0.104;2.31;-0.042, 0.108;2.32;0, 0.113;0;-0.113, 0.113;0;0.113, 0.143;2.25;0.045, 0.145;2.25;-0.044, 0.148;0;-0.0612, 0.148;0;0.0612, 0.157;2.26;0, 0.16;0;0, 0.256;1.82;0.0578, 0.258;1.82;-0.0564, 0.259;1.79;0.0548, 0.259;1.79;-0.0553, 0.273;1.82;0, 0.275;1.79;0
  </GeometryFittingCloud>
</LEGOPrimitive>
