<?xml version="1.0" encoding="UTF-8" standalone="no" ?>
<LEGOPrimitive versionMajor="2" versionMinor="0">
  <Annotations>
    <Annotation aliases="60115"/>
    <Annotation designname="SKELETON BODY W SHAFT 3.2"/>
    <Annotation maingroupid="45"/>
    <Annotation maturitytag="Final"/>
    <Annotation modifiedDate="2021-10-14 13:36:00.000"/>
    <Annotation platformid="2"/>
    <Annotation revision="D"/>
    <Annotation submaingroupid="558"/>
    <Annotation superdesignid="11060115"/>
  </Annotations>
  <Collision>
    <Box sX="0.627118876" sY="0.07062446117" sZ="0.2245166355" transformation="1,0,0,0,1,0,0,0,1,0.3999999911,0.4149984717,-0.01532454789" angle="0" ax="0" ay="1" az="0" tx="0.3999999911" ty="0.4149984717" tz="-0.01532454789"/>
    <Box sX="0.04470409059" sY="0.1591494011" sZ="0.234134595" transformation="1,0,0,0,1,0,0,0,1,0.2194778846,0.160950617,0.003230970027" angle="0" ax="0" ay="1" az="0" tx="0.2194778846" ty="0.160950617" tz="0.003230970027"/>
    <Box sX="0.1614094446" sY="0.1030519872" sZ="0.1030519872" transformation="1,0,0,0,0.7071067812,0.7071067812,0,-0.7071067812,0.7071067812,-0.0114094498,-0.0001844334911,-5.084761501E-10" angle="45" ax="1" ay="0" az="0" tx="-0.0114094498" ty="-0.0001844334911" tz="-5.084761501E-10"/>
    <Box sX="0.02820508494" sY="0.131309826" sZ="0.131309826" transformation="1,0,0,0,0.7071067812,0.7071067812,0,-0.7071067812,0.7071067812,-0.2210239283,-0.0001844334911,-5.084761501E-10" angle="45" ax="1" ay="0" az="0" tx="-0.2210239283" ty="-0.0001844334911" tz="-5.084761501E-10"/>
    <Box sX="0.6299999432" sY="0.1045490968" sZ="0.1045490968" transformation="0,1,0,0,0,1,1,0,0,0.400000006,1.120099949,-5.084761501E-10" angle="120" ax="0.5773502692" ay="0.5773502692" az="0.5773502692" tx="0.400000006" ty="1.120099949" tz="-5.084761501E-10"/>
    <Box sX="0.2994640303" sY="0.1603505957" sZ="0.1603505957" transformation="0,1,0,0,0,1,1,0,0,0.400000006,2.030636004,-5.084761501E-10" angle="120" ax="0.5773502692" ay="0.5773502692" az="0.5773502692" tx="0.400000006" ty="2.030636004" tz="-5.084761501E-10"/>
    <Box sX="0.4648269521" sY="0.4794072264" sZ="0.24" transformation="1,0,0,0,1,0,0,0,1,0.4000000096,1.270692661,0" angle="0" ax="0" ay="1" az="0" tx="0.4000000096" ty="1.270692661" tz="0"/>
    <Box sX="0.5994321611" sY="0.1512763847" sZ="0.24" transformation="1,0,0,0,1,0,0,0,1,0.4000000096,1.039487724,0" angle="0" ax="0" ay="1" az="0" tx="0.4000000096" ty="1.039487724" tz="0"/>
    <Box sX="0.04868747861" sY="0.2680499144" sZ="0.24" transformation="0.984445094,-0.1756925069,0,0.1756925069,0.984445094,0,0,0,1,-0.1364424444,1.47424528,0" angle="10.11896024" ax="0" ay="0" az="-1" tx="-0.1364424444" ty="1.47424528" tz="0"/>
    <Box sX="0.04411000199" sY="0.1591494011" sZ="0.234134595" transformation="-1,0,-1.224646799E-16,0,1,0,1.224646799E-16,0,-1,0.5803122899,0.160950617,0.003230970027" angle="180" ax="0" ay="1" az="0" tx="0.5803122899" ty="0.160950617" tz="0.003230970027"/>
    <Box sX="0.1601279918" sY="0.1030519872" sZ="0.1030519872" transformation="-1,1.224646799E-16,0,0,0.7071067812,0.7071067812,0,0.7071067812,-0.7071067812,0.8101280617,-0.0001844334911,-5.084761501E-10" angle="180" ax="0" ay="0.9238795325" az="0.3826834324" tx="0.8101280617" ty="-0.0001844334911" tz="-5.084761501E-10"/>
    <Box sX="0.02967289056" sY="0.131309826" sZ="0.131309826" transformation="-1,1.224646799E-16,0,0,0.7071067812,0.7071067812,0,0.7071067812,-0.7071067812,1.019929004,-0.0001844334911,-5.084761501E-10" angle="180" ax="0" ay="0.9238795325" az="0.3826834324" tx="1.019929004" ty="-0.0001844334911" tz="-5.084761501E-10"/>
    <Box sX="0.04868747861" sY="0.2680499144" sZ="0.24" transformation="-0.984445094,-0.1756925069,-1.224646799E-16,-0.1756925069,0.984445094,0,1.205597533E-16,0,-1,0.9366238837,1.47427766,0" angle="180" ax="-0.08818986914" ay="0.9961036828" az="0" tx="0.9366238837" ty="1.47427766" tz="0"/>
    <Box sX="0.02815854535" sY="0.131309826" sZ="0.131309826" transformation="0.9840132237,-0.1780954116,0,0.1259324733,0.6958024232,0.7071067812,-0.1259324733,-0.6958024232,0.7071067812,-0.5742497426,1.541678354,7.984422001E-09" angle="46.09527766" ax="0.9735745785" ay="-0.08739315004" az="-0.2109857281" tx="-0.5742497426" ty="1.541678354" tz="7.984422001E-09"/>
    <Box sX="0.1626465266" sY="0.1030519872" sZ="0.1030519872" transformation="0.9840132237,-0.1780954116,0,0.1259324733,0.6958024232,0.7071067812,-0.1259324733,-0.6958024232,0.7071067812,-0.3650792647,1.513724001,-0.004719804814" angle="46.09527766" ax="0.9735745785" ay="-0.08739315004" az="-0.2109857281" tx="-0.3650792647" ty="1.513724001" tz="-0.004719804814"/>
    <Box sX="0.163043695" sY="0.1030519872" sZ="0.1030519872" transformation="-0.9840132237,-0.1780954116,-1.249000903E-16,-0.1259324733,0.6958024232,-0.7071067812,0.1259324733,-0.6958024232,-0.7071067812,1.16522135,1.516203877,-0.004105711719" angle="176.0785877" ax="-0.08264853123" ay="0.9207187168" az="-0.3813741796" tx="1.16522135" ty="1.516203877" tz="-0.004105711719"/>
    <Box sX="0.02835471093" sY="0.131309826" sZ="0.131309826" transformation="-0.9840132237,-0.1780954116,-1.249000903E-16,-0.1259324733,0.6958024232,-0.7071067812,0.1259324733,-0.6958024232,-0.7071067812,1.373511723,1.552353018,0.001864694975" angle="176.0785877" ax="-0.08264853123" ay="0.9207187168" az="-0.3813741796" tx="1.373511723" ty="1.552353018" tz="0.001864694975"/>
    <Box sX="0.04300416808" sY="0.1058791988" sZ="0.1014792271" transformation="1,0,0,0,0.6018150232,0.79863551,0,-0.79863551,0.6018150232,0.5810962824,-0.0882010545,0.06591278484" angle="53" ax="1" ay="0" az="0" tx="0.5810962824" ty="-0.0882010545" tz="0.06591278484"/>
    <Box sX="0.04300416808" sY="0.1058791988" sZ="0.1014792271" transformation="1,0,0,0,-0.6018150232,0.79863551,0,-0.79863551,-0.6018150232,0.5810962824,-0.08723154956,-0.06785905976" angle="127" ax="1" ay="0" az="0" tx="0.5810962824" ty="-0.08723154956" tz="-0.06785905976"/>
    <Box sX="0.04300416808" sY="0.1058791988" sZ="0.1014792271" transformation="1,0,0,0,-0.6018150232,0.79863551,0,-0.79863551,-0.6018150232,0.2215667124,-0.08723154956,-0.06785905976" angle="127" ax="1" ay="0" az="0" tx="0.2215667124" ty="-0.08723154956" tz="-0.06785905976"/>
    <Box sX="0.04300416808" sY="0.1058791988" sZ="0.1014792271" transformation="1,0,0,0,0.6018150232,0.79863551,0,-0.79863551,0.6018150232,0.2215667124,-0.0882010545,0.06591278484" angle="53" ax="1" ay="0" az="0" tx="0.2215667124" ty="-0.0882010545" tz="0.06591278484"/>
    <Box sX="0.1173396959" sY="0.1153799449" sZ="0.05197923662" transformation="-1,1.224646799E-16,0,1.224646799E-16,1,5.007445988E-15,0,5.007445988E-15,-1,0.4000107576,-0.0001840455038,-5.084761501E-10" angle="180" ax="0" ay="1" az="2.503722994E-15" tx="0.4000107576" ty="-0.0001840455038" tz="-5.084761501E-10"/>
    <Box sX="0.2443593708" sY="0.07062446117" sZ="0.01629895561" transformation="1,0,0,0,1,0,0,0,1,0.7820622022,0.4149984717,0.2223865204" angle="0" ax="0" ay="1" az="0" tx="0.7820622022" ty="0.4149984717" tz="0.2223865204"/>
    <Box sX="0.2443593708" sY="0.07062446117" sZ="0.01629895561" transformation="1,0,0,0,1,0,0,0,1,0.01858027064,0.4149984717,0.2223865204" angle="0" ax="0" ay="1" az="0" tx="0.01858027064" ty="0.4149984717" tz="0.2223865204"/>
  </Collision>
  <Connectivity>
    <Axel type="7" length="0.32" requireGrabbing="1" startCapped="1" endCapped="1" transformation="2.220446049E-16,-1,0,-1,-4.440892099E-16,-5.665538898E-16,5.665538898E-16,0,-1,0.16,0,0" angle="180" ax="0.7071067812" ay="-0.7071067812" az="2.003070487E-16" tx="0.16" ty="0" tz="0"/>
    <Axel type="7" length="0.32" requireGrabbing="1" startCapped="1" endCapped="1" transformation="2.220446049E-16,-1,0,1,2.220446049E-16,0,0,0,1,0.64,1.421085704E-16,1.421085704E-16" angle="90" ax="0" ay="0" az="-1" tx="0.64" ty="1.421085704E-16" tz="1.421085704E-16"/>
    <Axel type="7" length="0.32" requireGrabbing="1" startCapped="1" endCapped="1" transformation="0.1736481777,-0.984807753,0,0.984807753,0.1736481777,0,0,0,1,1,1.48,0" angle="80" ax="0" ay="0" az="-1" tx="1" ty="1.48" tz="0"/>
    <Axel type="7" length="0.32" requireGrabbing="1" startCapped="1" endCapped="1" transformation="-0.1736481777,-0.984807753,-1.224646799E-16,-0.984807753,0.1736481777,0,0,1.206041663E-16,-1,-0.2,1.48,0" angle="180" ax="-0.6427876097" ay="0.7660444431" az="0" tx="-0.2" ty="1.48" tz="0"/>
    <Axel type="11" length="0.58" requireGrabbing="0" startCapped="1" endCapped="0" transformation="2.220446049E-16,0,-1,0,1,0,1,0,2.220446049E-16,0.4,1.76,0" angle="90" ax="0" ay="1" az="0" tx="0.4" ty="1.76" tz="0"/>
    <Fixed type="31" axes="2" transformation="-1,0,-4.082155997E-16,0,1,0,0,0,-1,0.7,1.76,0" angle="180" ax="0" ay="1" az="0" tx="0.7" ty="1.76" tz="0"/>
    <Fixed type="31" axes="2" transformation="1,0,0,0,1,0,0,0,1,0.1,1.76,0" angle="0" ax="0" ay="1" az="0" tx="0.1" ty="1.76" tz="0"/>
  </Connectivity>
  <PhysicsAttributes inertiaTensor="0.34938235,0,0,0,0.15050884,0,0,0,0.47317181" centerOfMass="0.400000702,1.0256243,-2.03606965E-07" mass="0.8" frictionType="0"/>
  <Color faces="0"/>
  <Bounding>
    <AABB minX="-0.6483818889" minY="-0.254414767" minZ="-0.2500810921" maxX="1.448381901" maxY="2.341000319" maxZ="0.2502764463"/>
  </Bounding>
  <GeometryBounding>
    <AABB minX="-0.6483818889" minY="-0.254414767" minZ="-0.2500810921" maxX="1.448381901" maxY="2.341000319" maxZ="0.2502764463"/>
  </GeometryBounding>
  <GeometryFittingCloud>
    -0.648;1.35;0, -0.644;1.38;-0.105, -0.644;1.38;0.105, -0.63;1.46;-0.181, -0.63;1.46;0.181, -0.612;1.56;-0.209, -0.612;1.56;0.209, -0.594;1.66;-0.181, -0.594;1.66;0.181, -0.581;1.74;-0.105, -0.581;1.74;0.105, -0.576;1.76;0, -0.26;-0.209;0, -0.26;-0.181;-0.105, -0.26;-0.181;0.105, -0.26;-0.105;-0.181, -0.26;-0.105;0.181, -0.26;0;-0.209, -0.26;0;0.209, -0.246;1.21;-0.25, -0.246;1.21;0.25, -0.237;0.334;-0.25, -0.237;0.334;0.25, -0.145;1.76;-0.25, -0.145;1.76;0.25, 0.15;2.34;0, 0.16;-0.254;0, 0.161;-0.242;-0.0778, 0.161;-0.242;0.0776, 0.163;-0.205;-0.15, 0.163;-0.204;0.151, 0.164;-0.15;0.205, 0.164;-0.148;-0.207, 0.164;-0.0782;-0.243, 0.164;-0.0776;0.242, 0.164;0.00276;-0.25, 0.164;0.00276;0.25, 0.183;2.34;-0.125, 0.183;2.34;0.125, 0.275;2.34;-0.217, 0.275;2.34;0.217, 0.276;0.00276;0.25, 0.276;0.284;0.25, 0.28;-0.254;0, 0.4;2.34;-0.25, 0.4;2.34;0.25, 0.52;-0.254;0, 0.524;0.00276;0.25, 0.524;0.284;0.25, 0.525;2.34;-0.217, 0.525;2.34;0.217, 0.617;2.34;-0.125, 0.617;2.34;0.125, 0.636;0.00276;-0.25, 0.636;0.00276;0.25, 0.636;-0.0782;-0.243, 0.636;-0.0776;0.242, 0.636;-0.15;0.205, 0.636;-0.148;-0.207, 0.637;-0.205;-0.15, 0.637;-0.204;0.151, 0.639;-0.242;-0.0778, 0.639;-0.242;0.0776, 0.64;-0.254;0, 0.65;2.34;0, 0.945;1.76;-0.25, 0.945;1.76;0.25, 1.04;0.334;-0.25, 1.04;0.334;0.25, 1.05;1.21;-0.25, 1.05;1.21;0.25, 1.06;-0.209;0, 1.06;-0.181;-0.105, 1.06;-0.181;0.105, 1.06;-0.105;-0.181, 1.06;-0.105;0.181, 1.06;0;-0.209, 1.06;0;0.209, 1.38;1.76;0, 1.38;1.74;-0.105, 1.38;1.74;0.105, 1.39;1.66;-0.181, 1.39;1.66;0.181, 1.41;1.56;-0.209, 1.41;1.56;0.209, 1.43;1.46;-0.181, 1.43;1.46;0.181, 1.44;1.38;-0.105, 1.44;1.38;0.105, 1.45;1.35;0
  </GeometryFittingCloud>
</LEGOPrimitive>
