<?xml version="1.0" encoding="UTF-8" standalone="no" ?>
<LEGOPrimitive versionMajor="2" versionMinor="0">
  <Annotations>
    <Annotation aliases="3820"/>
    <Annotation designname="MINI HAND"/>
    <Annotation maingroupid="40"/>
    <Annotation maturitytag="Final"/>
    <Annotation modifiedDate="2023-04-27 23:17:00.000"/>
    <Annotation platformid="2"/>
    <Annotation revision="G"/>
    <Annotation submaingroupid="999"/>
    <Annotation superdesignid="11003820"/>
  </Annotations>
  <Collision>
    <Box sX="0.08217122197" sY="0.09748137534" sZ="0.08466440976" transformation="-1,1.614685382E-07,0,2.238591761E-14,1.386395012E-07,-1,-1.614685382E-07,-1,-1.386395012E-07,-0.00067661948,-0.009280113488,0.1074813604" angle="179.9999935" ax="5.708775312E-08" ay="0.7071068302" az="-0.7071067322" tx="-0.00067661948" ty="-0.009280113488" tz="0.1074813604"/>
    <Box sX="0.01174971433" sY="0.05418874583" sZ="0.05924853615" transformation="0.903289722,0.1100386391,-0.4146796064,-0.4290310922,0.2316773156,-0.8730738476,7.21644966E-15,0.9665490776,0.2564817355,-0.2015660086,-0.04498282485,0.4782648032" angle="78.71295666" ax="-0.9379524535" ay="0.2114290646" az="0.2748507698" tx="-0.2015660086" ty="-0.04498282485" tz="0.4782648032"/>
    <Box sX="0.02273448803" sY="0.08165782061" sZ="0.1129605093" transformation="-0.9670586235,-0.06528839112,0.2460387056,-0.2545537638,0.2480328741,-0.9347096205,9.908740495E-15,-0.9665490776,-0.2564817355,0.1746973671,-0.05528772839,0.3098833348" angle="171.0239858" ax="0.1020358234" ay="-0.7884795862" az="0.606538237" tx="0.1746973671" ty="-0.05528772839" tz="0.3098833348"/>
    <Box sX="0.01174971433" sY="0.05225490225" sZ="0.05924848284" transformation="-0.903289722,0.1100386391,-0.4146796064,0.4290310922,0.2316773156,-0.8730738476,7.355227538E-15,-0.9665490776,-0.2564817355,0.2023956742,-0.04453474563,0.4765764286" angle="164.5895752" ax="0.1758828369" ay="0.7802604562" az="-0.600215668" tx="0.2023956742" ty="-0.04453474563" tz="0.4765764286"/>
    <Box sX="0.02273448803" sY="0.08661655731" sZ="0.1106485122" transformation="0.9670586235,-0.06528839112,0.2460387056,0.2545537638,0.2480328741,-0.9347096205,1.011690731E-14,0.9665490776,0.2564817355,-0.1759596456,-0.05428299943,0.3151112988" angle="76.36200435" ax="-0.9782101278" ay="-0.1265885352" az="-0.1645608962" tx="-0.1759596456" ty="-0.05428299943" tz="0.3151112988"/>
    <Box sX="0.03801434708" sY="0.1089545905" sZ="0.1211404174" transformation="0.01826790227,-0.2564389359,0.9663877875,-0.999833128,-0.004685383279,0.01765682409,-1.110223025E-16,-0.9665490776,-0.2564817355,-2.391629381E-06,-0.03050860525,0.1846106849" angle="128.42207" ax="0.6281196662" ay="-0.6167481555" az="0.4744337653" tx="-2.391629381E-06" ty="-0.03050860525" tz="0.1846106849"/>
  </Collision>
  <Connectivity>
    <Hinge type="17" oriented="1" transformation="4.440892099E-16,-1,1.110223025E-16,3.330669074E-16,0,-1,1,3.330669074E-16,4.440892099E-16,0,0,-0.05" angle="120" ax="-0.5773502692" ay="0.5773502692" az="-0.5773502692" tx="0" ty="0" tz="-0.05"/>
    <Axel type="6" length="0.44" grabbing="1" startCapped="0" endCapped="0" transformation="0,0.2588190451,-0.9659258263,0,0.9659258263,0.2588190451,1,0,0,0,-0.21,0.35" angle="90.9762004" ax="0.129428308" ay="0.9831056028" az="0.129428308" tx="0" ty="-0.21" tz="0.35"/>
    <Slider type="42" length="0.44" startCapped="0" endCapped="0" transformation="1.110223025E-16,-0.2588190451,0.9659258263,-1.249000903E-15,0.9659258263,0.2588190451,-1,-1.249000903E-15,-2.220446049E-16,0,-0.195,0.29" angle="90.9762004" ax="0.129428308" ay="-0.9831056028" az="-0.129428308" tx="0" ty="-0.195" tz="0.29"/>
    <Custom2DField type="23" width="2" height="2" transformation="1,0,0,0,0.9659258263,0.2588190451,0,-0.2588190451,0.9659258263,-0.4,0.146527618,0.03362966948" angle="15" ax="1" ay="0" az="0" tx="-0.4" ty="0.146527618" tz="0.03362966948">
      29:0,29:0,29:0,
      29:0,0:4:8,29:0,
      29:0,29:0,29:0
    </Custom2DField>
  </Connectivity>
  <PhysicsAttributes inertiaTensor="0.0018213833,0,0,0,0.0022632677,0,0,0,0.0018300855" centerOfMass="4.88060891E-08,0.0252742288,0.30286148" mass="0.1" frictionType="0"/>
  <Color faces="0"/>
  <Bounding>
    <AABB minX="-0.2538488507" minY="-0.21" minZ="-0.5538819432" maxX="0.2526088953" maxY="0.2837228775" maxZ="0.6088241935"/>
  </Bounding>
  <GeometryBounding>
    <AABB minX="-0.2538488507" minY="-0.1987421662" minZ="-0.5538819432" maxX="0.2526088953" maxY="0.2837228775" maxZ="0.6088241935"/>
  </GeometryBounding>
  <GeometryFittingCloud>
    -0.254;-0.192;0.313, -0.254;0.0241;0.37, -0.254;0.223;0.423, -0.247;-0.195;0.388, -0.247;0.0131;0.443, -0.247;0.206;0.493, -0.245;0.215;0.466, -0.234;0.245;0.338, -0.218;-0.155;0.479, -0.218;0.186;0.569, -0.185;-0.0989;0.539, -0.179;0.265;0.271, -0.173;0.17;0.633, -0.173;0.26;0.299, -0.156;-0.197;0.306, -0.15;-0.199;0.368, -0.138;-0.19;0.405, -0.109;-0.0389;-0.531, -0.109;0.0322;-0.511, -0.0958;0.278;0.22, -0.0829;0.0726;-0.499, -0.0667;-0.0964;-0.548, -0.0486;0.105;-0.49, 0;0.152;0.703, 0;0.278;0.229, 0;-0.118;-0.554, 0;0.111;-0.488, 0;0.284;0.199, 0.0493;0.105;-0.49, 0.0686;-0.0964;-0.548, 0.0848;0.0726;-0.499, 0.0977;0.278;0.22, 0.11;-0.0389;-0.531, 0.11;0.0322;-0.511, 0.14;-0.19;0.405, 0.152;-0.199;0.368, 0.157;-0.197;0.306, 0.173;0.17;0.633, 0.173;0.26;0.299, 0.178;-0.0462;0.56, 0.181;0.265;0.271, 0.187;-0.0989;0.539, 0.22;-0.155;0.479, 0.22;0.186;0.569, 0.229;0.245;0.329, 0.245;0.215;0.466, 0.249;-0.195;0.388, 0.249;0.0122;0.442, 0.249;0.206;0.493, 0.253;-0.191;0.301, 0.253;0.0261;0.358, 0.253;0.226;0.41
  </GeometryFittingCloud>
</LEGOPrimitive>
