<?xml version="1.0" encoding="UTF-8" standalone="no" ?>
<LEGOPrimitive versionMajor="2" versionMinor="0">
  <Annotations>
    <Annotation aliases="30273;59604"/>
    <Annotation designname="STEEL HELMET"/>
    <Annotation maingroupid="44"/>
    <Annotation maturitytag="Final"/>
    <Annotation modifiedDate="2020-08-20 17:26:00.000"/>
    <Annotation platformid="2"/>
    <Annotation revision="C"/>
    <Annotation submaingroupid="530"/>
    <Annotation superdesignid="11030273"/>
  </Annotations>
  <Collision>
    <Box sX="0.6860067204" sY="0.03000003636" sZ="0.266143427" transformation="1,0,0,0,1,0,0,0,1,-0.01424352274,-0.3076456395,0.797534547" angle="0" ax="0" ay="1" az="0" tx="-0.01424352274" ty="-0.3076456395" tz="0.797534547"/>
    <Box sX="0.6860249821" sY="0.03000003636" sZ="0.2661435093" transformation="2.220446049E-16,0,-1,0,1,0,1,0,2.220446049E-16,0.8031614381,-0.3064680483,0.08991418389" angle="90" ax="0" ay="1" az="0" tx="0.8031614381" ty="-0.3064680483" tz="0.08991418389"/>
    <Box sX="0.6860249019" sY="0.03000003636" sZ="0.2661434435" transformation="-1,0,-1.224646799E-16,0,1,0,1.224646799E-16,0,-1,0.02320977304,-0.3073382358,-0.8076036438" angle="180" ax="0" ay="1" az="0" tx="0.02320977304" ty="-0.3073382358" tz="-0.8076036438"/>
    <Box sX="0.6860250528" sY="0.03000003636" sZ="0.2661434599" transformation="2.220446049E-16,0,1,0,1,0,-1,0,2.220446049E-16,-0.8032552901,-0.3067576269,-0.08924454536" angle="90" ax="0" ay="-1" az="0" tx="-0.8032552901" ty="-0.3067576269" tz="-0.08924454536"/>
    <Box sX="0.49" sY="0.2274758947" sZ="0.49" transformation="1,0,0,0,1,0,0,0,1,0,0.2374758947,4.705046578E-05" angle="0" ax="0" ay="1" az="0" tx="0" ty="0.2374758947" tz="4.705046578E-05"/>
    <Box sX="0.3351367989" sY="0.06318103543" sZ="0.4557566144" transformation="1,0,0,0,2.220446049E-16,1,0,-1,2.220446049E-16,0.002427679494,-0.5304519779,0.5948258689" angle="90" ax="1" ay="0" az="0" tx="0.002427679494" ty="-0.5304519779" tz="0.5948258689"/>
    <Box sX="0.3876344157" sY="0.0351206959" sZ="0.407289648" transformation="0.5,0,0.8660254038,-0.8660254038,5.551115123E-16,0.5,-6.661338148E-16,-1,2.220446049E-16,-0.4869283354,-0.4991243104,0.281175256" angle="104.4775122" ax="0.7745966692" ay="-0.4472135955" az="0.4472135955" tx="-0.4869283354" ty="-0.4991243104" tz="0.281175256"/>
    <Box sX="0.3308377787" sY="0.03512068684" sZ="0.407289648" transformation="1,0,0,0,2.220446049E-16,1,0,-1,2.220446049E-16,0.002427679494,-0.4634103516,-0.5676735356" angle="90" ax="1" ay="0" az="0" tx="0.002427679494" ty="-0.4634103516" tz="-0.5676735356"/>
    <Box sX="0.3876344157" sY="0.03512068986" sZ="0.407289648" transformation="-0.6427876097,0,0.7660444431,-0.7660444431,1.532107774E-14,-0.6427876097,-1.165734176E-14,-1,-9.769962617E-15,-0.4307133854,-0.4991243104,-0.3613643924" angle="145.2245633" ax="0.313145613" ay="-0.6715429342" az="0.6715429342" tx="-0.4307133854" ty="-0.4991243104" tz="-0.3613643924"/>
    <Box sX="0.3147083243" sY="0.03512070195" sZ="0.407289648" transformation="0.5,0,-0.8660254038,0.8660254038,-4.174438573E-14,0.5,-3.60822483E-14,-1,-2.087219286E-14,0.4869283302,-0.5006295964,0.281175253" angle="104.4775122" ax="0.7745966692" ay="0.4472135955" az="-0.4472135955" tx="0.4869283302" ty="-0.5006295964" tz="0.281175253"/>
    <Box sX="0.3120764548" sY="0.03512068079" sZ="0.407289648" transformation="-0.6427876097,0,-0.7660444431,0.7660444431,4.418687638E-14,-0.6427876097,3.39173134E-14,-1,-2.842170943E-14,0.4307134201,-0.5006295964,-0.3613644215" angle="145.2245633" ax="0.313145613" ay="0.6715429342" az="-0.6715429342" tx="0.4307134201" ty="-0.5006295964" tz="-0.3613644215"/>
  </Collision>
  <Connectivity>
    <Custom2DField type="22" width="2" height="2" transformation="1,0,0,0,1,0,0,0,1,-0.4,0,-0.4" angle="0" ax="0" ay="1" az="0" tx="-0.4" ty="0" tz="-0.4">
      29:0,29:0,29:0,
      29:0,15:4:2,29:0,
      29:0,29:0,29:0
    </Custom2DField>
  </Connectivity>
  <PhysicsAttributes inertiaTensor="0.28587604,0,0,0,0.40334985,0,0,0,0.29570369" centerOfMass="0,-0.265531807,-0.025208178" mass="0.94" frictionType="0"/>
  <Color faces="0"/>
  <Bounding>
    <AABB minX="-1.099999905" minY="-1" minZ="-1.099999905" maxX="1.099999905" maxY="0.4799996614" maxZ="1.099999905"/>
  </Bounding>
  <GeometryBounding>
    <AABB minX="-1.099999905" minY="-1" minZ="-1.099999905" maxX="1.099999905" maxY="0.4799996614" maxZ="1.099999905"/>
  </GeometryBounding>
  <GeometryFittingCloud>
    -1.1;-0.35;0, -1.1;-0.27;0, -0.953;-0.35;-0.55, -0.953;-0.35;0.55, -0.953;-0.27;-0.55, -0.953;-0.27;0.55, -0.638;-0.905;0, -0.619;-0.909;-0.158, -0.613;-0.912;0.185, -0.555;-0.933;-0.315, -0.55;-0.35;-0.953, -0.55;-0.35;0.953, -0.55;-0.27;-0.953, -0.55;-0.27;0.953, -0.501;0.278;0, -0.455;-1;-0.45, -0.455;-1;0.45, -0.404;-1;0.497, -0.333;-1;-0.547, -0.31;0.383;-0.109, -0.31;0.383;0.109, -0.286;-1;-0.573, -0.26;0.452;0, -0.255;-1;0.587, -0.25;0.452;-0.0254, -0.25;0.452;0.0254, -0.213;0.47;0, -0.109;0.383;-0.31, -0.109;0.383;0.31, -0.0871;-1;0.634, -0.0254;0.452;-0.25, -0.0254;0.452;0.25, 0;-0.35;-1.1, 0;-0.35;1.1, 0;-0.27;-1.1, 0;-0.27;1.1, 0;0.278;-0.501, 0;0.278;0.501, 0;0.452;-0.26, 0;0.452;0.26, 0;0.47;-0.213, 0;0.47;0.213, 0;0.48;0, 0.0254;0.452;-0.25, 0.0254;0.452;0.25, 0.0871;-1;0.634, 0.109;0.383;-0.31, 0.109;0.383;0.31, 0.213;0.47;0, 0.25;0.452;-0.0254, 0.25;0.452;0.0254, 0.255;-1;0.587, 0.26;0.452;0, 0.286;-1;-0.573, 0.31;0.383;-0.109, 0.31;0.383;0.109, 0.333;-1;-0.547, 0.404;-1;0.497, 0.455;-1;-0.45, 0.455;-1;0.45, 0.501;0.278;0, 0.55;-0.35;-0.953, 0.55;-0.35;0.953, 0.55;-0.27;-0.953, 0.55;-0.27;0.953, 0.555;-0.933;-0.315, 0.613;-0.912;0.185, 0.619;-0.909;-0.158, 0.638;-0.905;0, 0.953;-0.35;-0.55, 0.953;-0.35;0.55, 0.953;-0.27;-0.55, 0.953;-0.27;0.55, 1.1;-0.35;0, 1.1;-0.27;0
  </GeometryFittingCloud>
</LEGOPrimitive>
